policy+1
size, capacity
1000 1000
2000 2000
3000 3000
4000 4000
5000 5000
6000 6000
7000 7000
8000 8000
9000 9000
10000 10000
11000 11000
12000 12000
13000 13000
14000 14000
15000 15000
16000 16000
17000 17000
18000 18000
19000 19000
20000 20000
21000 21000
22000 22000
23000 23000
24000 24000
25000 25000
26000 26000
27000 27000
28000 28000
29000 29000
30000 30000
31000 31000
32000 32000
33000 33000
34000 34000
35000 35000
36000 36000
37000 37000
38000 38000
39000 39000
40000 40000
41000 41000
42000 42000
43000 43000
44000 44000
45000 45000
46000 46000
47000 47000
48000 48000
49000 49000
50000 50000
51000 51000
52000 52000
53000 53000
54000 54000
55000 55000
56000 56000
57000 57000
58000 58000
59000 59000
60000 60000
61000 61000
62000 62000
63000 63000
64000 64000
65000 65000
66000 66000
67000 67000
68000 68000
69000 69000
70000 70000
71000 71000
72000 72000
73000 73000
74000 74000
75000 75000
76000 76000
77000 77000
78000 78000
79000 79000
80000 80000
81000 81000
82000 82000
83000 83000
84000 84000
85000 85000
86000 86000
87000 87000
88000 88000
89000 89000
90000 90000
91000 91000
92000 92000
93000 93000
94000 94000
95000 95000
96000 96000
97000 97000
98000 98000
99000 99000
100000 100000
101000 101000
102000 102000
103000 103000
104000 104000
105000 105000
106000 106000
107000 107000
108000 108000
109000 109000
110000 110000
111000 111000
112000 112000
113000 113000
114000 114000
115000 115000
116000 116000
117000 117000
118000 118000
119000 119000
120000 120000
121000 121000
122000 122000
123000 123000
124000 124000
125000 125000
126000 126000
127000 127000
128000 128000
129000 129000
130000 130000
131000 131000
132000 132000
133000 133000
134000 134000
135000 135000
136000 136000
137000 137000
138000 138000
139000 139000
140000 140000
141000 141000
142000 142000
143000 143000
144000 144000
145000 145000
146000 146000
147000 147000
148000 148000
149000 149000
150000 150000
151000 151000
152000 152000
153000 153000
154000 154000
155000 155000
156000 156000
157000 157000
158000 158000
159000 159000
160000 160000
161000 161000
162000 162000
163000 163000
164000 164000
165000 165000
166000 166000
167000 167000
168000 168000
169000 169000
170000 170000
171000 171000
172000 172000
173000 173000
174000 174000
175000 175000
176000 176000
177000 177000
178000 178000
179000 179000
180000 180000
181000 181000
182000 182000
183000 183000
184000 184000
185000 185000
186000 186000
187000 187000
188000 188000
189000 189000
190000 190000
191000 191000
192000 192000
193000 193000
194000 194000
195000 195000
196000 196000
197000 197000
198000 198000
199000 199000
200000 200000
201000 201000
202000 202000
203000 203000
204000 204000
205000 205000
206000 206000
207000 207000
208000 208000
209000 209000
210000 210000
211000 211000
212000 212000
213000 213000
214000 214000
215000 215000
216000 216000
217000 217000
218000 218000
219000 219000
220000 220000
221000 221000
222000 222000
223000 223000
224000 224000
225000 225000
226000 226000
227000 227000
228000 228000
229000 229000
230000 230000
231000 231000
232000 232000
233000 233000
234000 234000
235000 235000
236000 236000
237000 237000
238000 238000
239000 239000
240000 240000
241000 241000
242000 242000
243000 243000
244000 244000
245000 245000
246000 246000
247000 247000
248000 248000
249000 249000
250000 250000
251000 251000
252000 252000
253000 253000
254000 254000
255000 255000
256000 256000
257000 257000
258000 258000
259000 259000
260000 260000
261000 261000
262000 262000
263000 263000
264000 264000
265000 265000
266000 266000
267000 267000
268000 268000
269000 269000
270000 270000
271000 271000
272000 272000
273000 273000
274000 274000
275000 275000
276000 276000
277000 277000
278000 278000
279000 279000
280000 280000
281000 281000
282000 282000
283000 283000
284000 284000
285000 285000
286000 286000
287000 287000
288000 288000
289000 289000
290000 290000
291000 291000
292000 292000
293000 293000
294000 294000
295000 295000
296000 296000
297000 297000
298000 298000
299000 299000
300000 300000
301000 301000
302000 302000
303000 303000
304000 304000
305000 305000
306000 306000
307000 307000
308000 308000
309000 309000
310000 310000
311000 311000
312000 312000
313000 313000
314000 314000
315000 315000
316000 316000
317000 317000
318000 318000
319000 319000
320000 320000
321000 321000
322000 322000
323000 323000
324000 324000
325000 325000
326000 326000
327000 327000
328000 328000
329000 329000
330000 330000
331000 331000
332000 332000
333000 333000
334000 334000
335000 335000
336000 336000
337000 337000
338000 338000
339000 339000
340000 340000
341000 341000
342000 342000
343000 343000
344000 344000
345000 345000
346000 346000
347000 347000
348000 348000
349000 349000
350000 350000
351000 351000
352000 352000
353000 353000
354000 354000
355000 355000
356000 356000
357000 357000
358000 358000
359000 359000
360000 360000
361000 361000
362000 362000
363000 363000
364000 364000
365000 365000
366000 366000
367000 367000
368000 368000
369000 369000
370000 370000
371000 371000
372000 372000
373000 373000
374000 374000
375000 375000
376000 376000
377000 377000
378000 378000
379000 379000
380000 380000
381000 381000
382000 382000
383000 383000
384000 384000
385000 385000
386000 386000
387000 387000
388000 388000
389000 389000
390000 390000
391000 391000
392000 392000
393000 393000
394000 394000
395000 395000
396000 396000
397000 397000
398000 398000
399000 399000
400000 400000
401000 401000
402000 402000
403000 403000
404000 404000
405000 405000
406000 406000
407000 407000
408000 408000
409000 409000
410000 410000
411000 411000
412000 412000
413000 413000
414000 414000
415000 415000
416000 416000
417000 417000
418000 418000
419000 419000
420000 420000
421000 421000
422000 422000
423000 423000
424000 424000
425000 425000
426000 426000
427000 427000
428000 428000
429000 429000
430000 430000
431000 431000
432000 432000
433000 433000
434000 434000
435000 435000
436000 436000
437000 437000
438000 438000
439000 439000
440000 440000
441000 441000
442000 442000
443000 443000
444000 444000
445000 445000
446000 446000
447000 447000
448000 448000
449000 449000
450000 450000
451000 451000
452000 452000
453000 453000
454000 454000
455000 455000
456000 456000
457000 457000
458000 458000
459000 459000
460000 460000
461000 461000
462000 462000
463000 463000
464000 464000
465000 465000
466000 466000
467000 467000
468000 468000
469000 469000
470000 470000
471000 471000
472000 472000
473000 473000
474000 474000
475000 475000
476000 476000
477000 477000
478000 478000
479000 479000
480000 480000
481000 481000
482000 482000
483000 483000
484000 484000
485000 485000
486000 486000
487000 487000
488000 488000
489000 489000
490000 490000
491000 491000
492000 492000
493000 493000
494000 494000
495000 495000
496000 496000
497000 497000
498000 498000
499000 499000
500000 500000
501000 501000
502000 502000
503000 503000
504000 504000
505000 505000
506000 506000
507000 507000
508000 508000
509000 509000
510000 510000
511000 511000
512000 512000
513000 513000
514000 514000
515000 515000
516000 516000
517000 517000
518000 518000
519000 519000
520000 520000
521000 521000
522000 522000
523000 523000
524000 524000
525000 525000
526000 526000
527000 527000
528000 528000
529000 529000
530000 530000
531000 531000
532000 532000
533000 533000
534000 534000
535000 535000
536000 536000
537000 537000
538000 538000
539000 539000
540000 540000
541000 541000
542000 542000
543000 543000
544000 544000
545000 545000
546000 546000
547000 547000
548000 548000
549000 549000
550000 550000
551000 551000
552000 552000
553000 553000
554000 554000
555000 555000
556000 556000
557000 557000
558000 558000
559000 559000
560000 560000
561000 561000
562000 562000
563000 563000
564000 564000
565000 565000
566000 566000
567000 567000
568000 568000
569000 569000
570000 570000
571000 571000
572000 572000
573000 573000
574000 574000
575000 575000
576000 576000
577000 577000
578000 578000
579000 579000
580000 580000
581000 581000
582000 582000
583000 583000
584000 584000
585000 585000
586000 586000
587000 587000
588000 588000
589000 589000
590000 590000
591000 591000
592000 592000
593000 593000
594000 594000
595000 595000
596000 596000
597000 597000
598000 598000
599000 599000
600000 600000
601000 601000
602000 602000
603000 603000
604000 604000
605000 605000
606000 606000
607000 607000
608000 608000
609000 609000
610000 610000
611000 611000
612000 612000
613000 613000
614000 614000
615000 615000
616000 616000
617000 617000
618000 618000
619000 619000
620000 620000
621000 621000
622000 622000
623000 623000
624000 624000
625000 625000
626000 626000
627000 627000
628000 628000
629000 629000
630000 630000
631000 631000
632000 632000
633000 633000
634000 634000
635000 635000
636000 636000
637000 637000
638000 638000
639000 639000
640000 640000
641000 641000
642000 642000
643000 643000
644000 644000
645000 645000
646000 646000
647000 647000
648000 648000
649000 649000
650000 650000
651000 651000
652000 652000
653000 653000
654000 654000
655000 655000
656000 656000
657000 657000
658000 658000
659000 659000
660000 660000
661000 661000
662000 662000
663000 663000
664000 664000
665000 665000
666000 666000
667000 667000
668000 668000
669000 669000
670000 670000
671000 671000
672000 672000
673000 673000
674000 674000
675000 675000
676000 676000
677000 677000
678000 678000
679000 679000
680000 680000
681000 681000
682000 682000
683000 683000
684000 684000
685000 685000
686000 686000
687000 687000
688000 688000
689000 689000
690000 690000
691000 691000
692000 692000
693000 693000
694000 694000
695000 695000
696000 696000
697000 697000
698000 698000
699000 699000
700000 700000
701000 701000
702000 702000
703000 703000
704000 704000
705000 705000
706000 706000
707000 707000
708000 708000
709000 709000
710000 710000
711000 711000
712000 712000
713000 713000
714000 714000
715000 715000
716000 716000
717000 717000
718000 718000
719000 719000
720000 720000
721000 721000
722000 722000
723000 723000
724000 724000
725000 725000
726000 726000
727000 727000
728000 728000
729000 729000
730000 730000
731000 731000
732000 732000
733000 733000
734000 734000
735000 735000
736000 736000
737000 737000
738000 738000
739000 739000
740000 740000
741000 741000
742000 742000
743000 743000
744000 744000
745000 745000
746000 746000
747000 747000
748000 748000
749000 749000
750000 750000
751000 751000
752000 752000
753000 753000
754000 754000
755000 755000
756000 756000
757000 757000
758000 758000
759000 759000
760000 760000
761000 761000
762000 762000
763000 763000
764000 764000
765000 765000
766000 766000
767000 767000
768000 768000
769000 769000
770000 770000
771000 771000
772000 772000
773000 773000
774000 774000
775000 775000
776000 776000
777000 777000
778000 778000
779000 779000
780000 780000
781000 781000
782000 782000
783000 783000
784000 784000
785000 785000
786000 786000
787000 787000
788000 788000
789000 789000
790000 790000
791000 791000
792000 792000
793000 793000
794000 794000
795000 795000
796000 796000
797000 797000
798000 798000
799000 799000
800000 800000
801000 801000
802000 802000
803000 803000
804000 804000
805000 805000
806000 806000
807000 807000
808000 808000
809000 809000
810000 810000
811000 811000
812000 812000
813000 813000
814000 814000
815000 815000
816000 816000
817000 817000
818000 818000
819000 819000
820000 820000
821000 821000
822000 822000
823000 823000
824000 824000
825000 825000
826000 826000
827000 827000
828000 828000
829000 829000
830000 830000
831000 831000
832000 832000
833000 833000
834000 834000
835000 835000
836000 836000
837000 837000
838000 838000
839000 839000
840000 840000
841000 841000
842000 842000
843000 843000
844000 844000
845000 845000
846000 846000
847000 847000
848000 848000
849000 849000
850000 850000
851000 851000
852000 852000
853000 853000
854000 854000
855000 855000
856000 856000
857000 857000
858000 858000
859000 859000
860000 860000
861000 861000
862000 862000
863000 863000
864000 864000
865000 865000
866000 866000
867000 867000
868000 868000
869000 869000
870000 870000
871000 871000
872000 872000
873000 873000
874000 874000
875000 875000
876000 876000
877000 877000
878000 878000
879000 879000
880000 880000
881000 881000
882000 882000
883000 883000
884000 884000
885000 885000
886000 886000
887000 887000
888000 888000
889000 889000
890000 890000
891000 891000
892000 892000
893000 893000
894000 894000
895000 895000
896000 896000
897000 897000
898000 898000
899000 899000
900000 900000
901000 901000
902000 902000
903000 903000
904000 904000
905000 905000
906000 906000
907000 907000
908000 908000
909000 909000
910000 910000
911000 911000
912000 912000
913000 913000
914000 914000
915000 915000
916000 916000
917000 917000
918000 918000
919000 919000
920000 920000
921000 921000
922000 922000
923000 923000
924000 924000
925000 925000
926000 926000
927000 927000
928000 928000
929000 929000
930000 930000
931000 931000
932000 932000
933000 933000
934000 934000
935000 935000
936000 936000
937000 937000
938000 938000
939000 939000
940000 940000
941000 941000
942000 942000
943000 943000
944000 944000
945000 945000
946000 946000
947000 947000
948000 948000
949000 949000
950000 950000
951000 951000
952000 952000
953000 953000
954000 954000
955000 955000
956000 956000
957000 957000
958000 958000
959000 959000
960000 960000
961000 961000
962000 962000
963000 963000
964000 964000
965000 965000
966000 966000
967000 967000
968000 968000
969000 969000
970000 970000
971000 971000
972000 972000
973000 973000
974000 974000
975000 975000
976000 976000
977000 977000
978000 978000
979000 979000
980000 980000
981000 981000
982000 982000
983000 983000
984000 984000
985000 985000
986000 986000
987000 987000
988000 988000
989000 989000
990000 990000
991000 991000
992000 992000
993000 993000
994000 994000
995000 995000
996000 996000
997000 997000
998000 998000
999000 999000
1000000 1000000
policy+2
size, capacity
1000 1001
2000 2001
3000 3001
4000 4001
5000 5001
6000 6001
7000 7001
8000 8001
9000 9001
10000 10001
11000 11001
12000 12001
13000 13001
14000 14001
15000 15001
16000 16001
17000 17001
18000 18001
19000 19001
20000 20001
21000 21001
22000 22001
23000 23001
24000 24001
25000 25001
26000 26001
27000 27001
28000 28001
29000 29001
30000 30001
31000 31001
32000 32001
33000 33001
34000 34001
35000 35001
36000 36001
37000 37001
38000 38001
39000 39001
40000 40001
41000 41001
42000 42001
43000 43001
44000 44001
45000 45001
46000 46001
47000 47001
48000 48001
49000 49001
50000 50001
51000 51001
52000 52001
53000 53001
54000 54001
55000 55001
56000 56001
57000 57001
58000 58001
59000 59001
60000 60001
61000 61001
62000 62001
63000 63001
64000 64001
65000 65001
66000 66001
67000 67001
68000 68001
69000 69001
70000 70001
71000 71001
72000 72001
73000 73001
74000 74001
75000 75001
76000 76001
77000 77001
78000 78001
79000 79001
80000 80001
81000 81001
82000 82001
83000 83001
84000 84001
85000 85001
86000 86001
87000 87001
88000 88001
89000 89001
90000 90001
91000 91001
92000 92001
93000 93001
94000 94001
95000 95001
96000 96001
97000 97001
98000 98001
99000 99001
100000 100001
101000 101001
102000 102001
103000 103001
104000 104001
105000 105001
106000 106001
107000 107001
108000 108001
109000 109001
110000 110001
111000 111001
112000 112001
113000 113001
114000 114001
115000 115001
116000 116001
117000 117001
118000 118001
119000 119001
120000 120001
121000 121001
122000 122001
123000 123001
124000 124001
125000 125001
126000 126001
127000 127001
128000 128001
129000 129001
130000 130001
131000 131001
132000 132001
133000 133001
134000 134001
135000 135001
136000 136001
137000 137001
138000 138001
139000 139001
140000 140001
141000 141001
142000 142001
143000 143001
144000 144001
145000 145001
146000 146001
147000 147001
148000 148001
149000 149001
150000 150001
151000 151001
152000 152001
153000 153001
154000 154001
155000 155001
156000 156001
157000 157001
158000 158001
159000 159001
160000 160001
161000 161001
162000 162001
163000 163001
164000 164001
165000 165001
166000 166001
167000 167001
168000 168001
169000 169001
170000 170001
171000 171001
172000 172001
173000 173001
174000 174001
175000 175001
176000 176001
177000 177001
178000 178001
179000 179001
180000 180001
181000 181001
182000 182001
183000 183001
184000 184001
185000 185001
186000 186001
187000 187001
188000 188001
189000 189001
190000 190001
191000 191001
192000 192001
193000 193001
194000 194001
195000 195001
196000 196001
197000 197001
198000 198001
199000 199001
200000 200001
201000 201001
202000 202001
203000 203001
204000 204001
205000 205001
206000 206001
207000 207001
208000 208001
209000 209001
210000 210001
211000 211001
212000 212001
213000 213001
214000 214001
215000 215001
216000 216001
217000 217001
218000 218001
219000 219001
220000 220001
221000 221001
222000 222001
223000 223001
224000 224001
225000 225001
226000 226001
227000 227001
228000 228001
229000 229001
230000 230001
231000 231001
232000 232001
233000 233001
234000 234001
235000 235001
236000 236001
237000 237001
238000 238001
239000 239001
240000 240001
241000 241001
242000 242001
243000 243001
244000 244001
245000 245001
246000 246001
247000 247001
248000 248001
249000 249001
250000 250001
251000 251001
252000 252001
253000 253001
254000 254001
255000 255001
256000 256001
257000 257001
258000 258001
259000 259001
260000 260001
261000 261001
262000 262001
263000 263001
264000 264001
265000 265001
266000 266001
267000 267001
268000 268001
269000 269001
270000 270001
271000 271001
272000 272001
273000 273001
274000 274001
275000 275001
276000 276001
277000 277001
278000 278001
279000 279001
280000 280001
281000 281001
282000 282001
283000 283001
284000 284001
285000 285001
286000 286001
287000 287001
288000 288001
289000 289001
290000 290001
291000 291001
292000 292001
293000 293001
294000 294001
295000 295001
296000 296001
297000 297001
298000 298001
299000 299001
300000 300001
301000 301001
302000 302001
303000 303001
304000 304001
305000 305001
306000 306001
307000 307001
308000 308001
309000 309001
310000 310001
311000 311001
312000 312001
313000 313001
314000 314001
315000 315001
316000 316001
317000 317001
318000 318001
319000 319001
320000 320001
321000 321001
322000 322001
323000 323001
324000 324001
325000 325001
326000 326001
327000 327001
328000 328001
329000 329001
330000 330001
331000 331001
332000 332001
333000 333001
334000 334001
335000 335001
336000 336001
337000 337001
338000 338001
339000 339001
340000 340001
341000 341001
342000 342001
343000 343001
344000 344001
345000 345001
346000 346001
347000 347001
348000 348001
349000 349001
350000 350001
351000 351001
352000 352001
353000 353001
354000 354001
355000 355001
356000 356001
357000 357001
358000 358001
359000 359001
360000 360001
361000 361001
362000 362001
363000 363001
364000 364001
365000 365001
366000 366001
367000 367001
368000 368001
369000 369001
370000 370001
371000 371001
372000 372001
373000 373001
374000 374001
375000 375001
376000 376001
377000 377001
378000 378001
379000 379001
380000 380001
381000 381001
382000 382001
383000 383001
384000 384001
385000 385001
386000 386001
387000 387001
388000 388001
389000 389001
390000 390001
391000 391001
392000 392001
393000 393001
394000 394001
395000 395001
396000 396001
397000 397001
398000 398001
399000 399001
400000 400001
401000 401001
402000 402001
403000 403001
404000 404001
405000 405001
406000 406001
407000 407001
408000 408001
409000 409001
410000 410001
411000 411001
412000 412001
413000 413001
414000 414001
415000 415001
416000 416001
417000 417001
418000 418001
419000 419001
420000 420001
421000 421001
422000 422001
423000 423001
424000 424001
425000 425001
426000 426001
427000 427001
428000 428001
429000 429001
430000 430001
431000 431001
432000 432001
433000 433001
434000 434001
435000 435001
436000 436001
437000 437001
438000 438001
439000 439001
440000 440001
441000 441001
442000 442001
443000 443001
444000 444001
445000 445001
446000 446001
447000 447001
448000 448001
449000 449001
450000 450001
451000 451001
452000 452001
453000 453001
454000 454001
455000 455001
456000 456001
457000 457001
458000 458001
459000 459001
460000 460001
461000 461001
462000 462001
463000 463001
464000 464001
465000 465001
466000 466001
467000 467001
468000 468001
469000 469001
470000 470001
471000 471001
472000 472001
473000 473001
474000 474001
475000 475001
476000 476001
477000 477001
478000 478001
479000 479001
480000 480001
481000 481001
482000 482001
483000 483001
484000 484001
485000 485001
486000 486001
487000 487001
488000 488001
489000 489001
490000 490001
491000 491001
492000 492001
493000 493001
494000 494001
495000 495001
496000 496001
497000 497001
498000 498001
499000 499001
500000 500001
501000 501001
502000 502001
503000 503001
504000 504001
505000 505001
506000 506001
507000 507001
508000 508001
509000 509001
510000 510001
511000 511001
512000 512001
513000 513001
514000 514001
515000 515001
516000 516001
517000 517001
518000 518001
519000 519001
520000 520001
521000 521001
522000 522001
523000 523001
524000 524001
525000 525001
526000 526001
527000 527001
528000 528001
529000 529001
530000 530001
531000 531001
532000 532001
533000 533001
534000 534001
535000 535001
536000 536001
537000 537001
538000 538001
539000 539001
540000 540001
541000 541001
542000 542001
543000 543001
544000 544001
545000 545001
546000 546001
547000 547001
548000 548001
549000 549001
550000 550001
551000 551001
552000 552001
553000 553001
554000 554001
555000 555001
556000 556001
557000 557001
558000 558001
559000 559001
560000 560001
561000 561001
562000 562001
563000 563001
564000 564001
565000 565001
566000 566001
567000 567001
568000 568001
569000 569001
570000 570001
571000 571001
572000 572001
573000 573001
574000 574001
575000 575001
576000 576001
577000 577001
578000 578001
579000 579001
580000 580001
581000 581001
582000 582001
583000 583001
584000 584001
585000 585001
586000 586001
587000 587001
588000 588001
589000 589001
590000 590001
591000 591001
592000 592001
593000 593001
594000 594001
595000 595001
596000 596001
597000 597001
598000 598001
599000 599001
600000 600001
601000 601001
602000 602001
603000 603001
604000 604001
605000 605001
606000 606001
607000 607001
608000 608001
609000 609001
610000 610001
611000 611001
612000 612001
613000 613001
614000 614001
615000 615001
616000 616001
617000 617001
618000 618001
619000 619001
620000 620001
621000 621001
622000 622001
623000 623001
624000 624001
625000 625001
626000 626001
627000 627001
628000 628001
629000 629001
630000 630001
631000 631001
632000 632001
633000 633001
634000 634001
635000 635001
636000 636001
637000 637001
638000 638001
639000 639001
640000 640001
641000 641001
642000 642001
643000 643001
644000 644001
645000 645001
646000 646001
647000 647001
648000 648001
649000 649001
650000 650001
651000 651001
652000 652001
653000 653001
654000 654001
655000 655001
656000 656001
657000 657001
658000 658001
659000 659001
660000 660001
661000 661001
662000 662001
663000 663001
664000 664001
665000 665001
666000 666001
667000 667001
668000 668001
669000 669001
670000 670001
671000 671001
672000 672001
673000 673001
674000 674001
675000 675001
676000 676001
677000 677001
678000 678001
679000 679001
680000 680001
681000 681001
682000 682001
683000 683001
684000 684001
685000 685001
686000 686001
687000 687001
688000 688001
689000 689001
690000 690001
691000 691001
692000 692001
693000 693001
694000 694001
695000 695001
696000 696001
697000 697001
698000 698001
699000 699001
700000 700001
701000 701001
702000 702001
703000 703001
704000 704001
705000 705001
706000 706001
707000 707001
708000 708001
709000 709001
710000 710001
711000 711001
712000 712001
713000 713001
714000 714001
715000 715001
716000 716001
717000 717001
718000 718001
719000 719001
720000 720001
721000 721001
722000 722001
723000 723001
724000 724001
725000 725001
726000 726001
727000 727001
728000 728001
729000 729001
730000 730001
731000 731001
732000 732001
733000 733001
734000 734001
735000 735001
736000 736001
737000 737001
738000 738001
739000 739001
740000 740001
741000 741001
742000 742001
743000 743001
744000 744001
745000 745001
746000 746001
747000 747001
748000 748001
749000 749001
750000 750001
751000 751001
752000 752001
753000 753001
754000 754001
755000 755001
756000 756001
757000 757001
758000 758001
759000 759001
760000 760001
761000 761001
762000 762001
763000 763001
764000 764001
765000 765001
766000 766001
767000 767001
768000 768001
769000 769001
770000 770001
771000 771001
772000 772001
773000 773001
774000 774001
775000 775001
776000 776001
777000 777001
778000 778001
779000 779001
780000 780001
781000 781001
782000 782001
783000 783001
784000 784001
785000 785001
786000 786001
787000 787001
788000 788001
789000 789001
790000 790001
791000 791001
792000 792001
793000 793001
794000 794001
795000 795001
796000 796001
797000 797001
798000 798001
799000 799001
800000 800001
801000 801001
802000 802001
803000 803001
804000 804001
805000 805001
806000 806001
807000 807001
808000 808001
809000 809001
810000 810001
811000 811001
812000 812001
813000 813001
814000 814001
815000 815001
816000 816001
817000 817001
818000 818001
819000 819001
820000 820001
821000 821001
822000 822001
823000 823001
824000 824001
825000 825001
826000 826001
827000 827001
828000 828001
829000 829001
830000 830001
831000 831001
832000 832001
833000 833001
834000 834001
835000 835001
836000 836001
837000 837001
838000 838001
839000 839001
840000 840001
841000 841001
842000 842001
843000 843001
844000 844001
845000 845001
846000 846001
847000 847001
848000 848001
849000 849001
850000 850001
851000 851001
852000 852001
853000 853001
854000 854001
855000 855001
856000 856001
857000 857001
858000 858001
859000 859001
860000 860001
861000 861001
862000 862001
863000 863001
864000 864001
865000 865001
866000 866001
867000 867001
868000 868001
869000 869001
870000 870001
871000 871001
872000 872001
873000 873001
874000 874001
875000 875001
876000 876001
877000 877001
878000 878001
879000 879001
880000 880001
881000 881001
882000 882001
883000 883001
884000 884001
885000 885001
886000 886001
887000 887001
888000 888001
889000 889001
890000 890001
891000 891001
892000 892001
893000 893001
894000 894001
895000 895001
896000 896001
897000 897001
898000 898001
899000 899001
900000 900001
901000 901001
902000 902001
903000 903001
904000 904001
905000 905001
906000 906001
907000 907001
908000 908001
909000 909001
910000 910001
911000 911001
912000 912001
913000 913001
914000 914001
915000 915001
916000 916001
917000 917001
918000 918001
919000 919001
920000 920001
921000 921001
922000 922001
923000 923001
924000 924001
925000 925001
926000 926001
927000 927001
928000 928001
929000 929001
930000 930001
931000 931001
932000 932001
933000 933001
934000 934001
935000 935001
936000 936001
937000 937001
938000 938001
939000 939001
940000 940001
941000 941001
942000 942001
943000 943001
944000 944001
945000 945001
946000 946001
947000 947001
948000 948001
949000 949001
950000 950001
951000 951001
952000 952001
953000 953001
954000 954001
955000 955001
956000 956001
957000 957001
958000 958001
959000 959001
960000 960001
961000 961001
962000 962001
963000 963001
964000 964001
965000 965001
966000 966001
967000 967001
968000 968001
969000 969001
970000 970001
971000 971001
972000 972001
973000 973001
974000 974001
975000 975001
976000 976001
977000 977001
978000 978001
979000 979001
980000 980001
981000 981001
982000 982001
983000 983001
984000 984001
985000 985001
986000 986001
987000 987001
988000 988001
989000 989001
990000 990001
991000 991001
992000 992001
993000 993001
994000 994001
995000 995001
996000 996001
997000 997001
998000 998001
999000 999001
1000000 1000001
policy*1.5
size, capacity
1000 1234
2000 2776
3000 4164
4000 4164
5000 6246
6000 6246
7000 9369
8000 9369
9000 9369
10000 14053
11000 14053
12000 14053
13000 14053
14000 14053
15000 21079
16000 21079
17000 21079
18000 21079
19000 21079
20000 21079
21000 21079
22000 31618
23000 31618
24000 31618
25000 31618
26000 31618
27000 31618
28000 31618
29000 31618
30000 31618
31000 31618
32000 47427
33000 47427
34000 47427
35000 47427
36000 47427
37000 47427
38000 47427
39000 47427
40000 47427
41000 47427
42000 47427
43000 47427
44000 47427
45000 47427
46000 47427
47000 47427
48000 71140
49000 71140
50000 71140
51000 71140
52000 71140
53000 71140
54000 71140
55000 71140
56000 71140
57000 71140
58000 71140
59000 71140
60000 71140
61000 71140
62000 71140
63000 71140
64000 71140
65000 71140
66000 71140
67000 71140
68000 71140
69000 71140
70000 71140
71000 71140
72000 106710
73000 106710
74000 106710
75000 106710
76000 106710
77000 106710
78000 106710
79000 106710
80000 106710
81000 106710
82000 106710
83000 106710
84000 106710
85000 106710
86000 106710
87000 106710
88000 106710
89000 106710
90000 106710
91000 106710
92000 106710
93000 106710
94000 106710
95000 106710
96000 106710
97000 106710
98000 106710
99000 106710
100000 106710
101000 106710
102000 106710
103000 106710
104000 106710
105000 106710
106000 106710
107000 160065
108000 160065
109000 160065
110000 160065
111000 160065
112000 160065
113000 160065
114000 160065
115000 160065
116000 160065
117000 160065
118000 160065
119000 160065
120000 160065
121000 160065
122000 160065
123000 160065
124000 160065
125000 160065
126000 160065
127000 160065
128000 160065
129000 160065
130000 160065
131000 160065
132000 160065
133000 160065
134000 160065
135000 160065
136000 160065
137000 160065
138000 160065
139000 160065
140000 160065
141000 160065
142000 160065
143000 160065
144000 160065
145000 160065
146000 160065
147000 160065
148000 160065
149000 160065
150000 160065
151000 160065
152000 160065
153000 160065
154000 160065
155000 160065
156000 160065
157000 160065
158000 160065
159000 160065
160000 160065
161000 240097
162000 240097
163000 240097
164000 240097
165000 240097
166000 240097
167000 240097
168000 240097
169000 240097
170000 240097
171000 240097
172000 240097
173000 240097
174000 240097
175000 240097
176000 240097
177000 240097
178000 240097
179000 240097
180000 240097
181000 240097
182000 240097
183000 240097
184000 240097
185000 240097
186000 240097
187000 240097
188000 240097
189000 240097
190000 240097
191000 240097
192000 240097
193000 240097
194000 240097
195000 240097
196000 240097
197000 240097
198000 240097
199000 240097
200000 240097
201000 240097
202000 240097
203000 240097
204000 240097
205000 240097
206000 240097
207000 240097
208000 240097
209000 240097
210000 240097
211000 240097
212000 240097
213000 240097
214000 240097
215000 240097
216000 240097
217000 240097
218000 240097
219000 240097
220000 240097
221000 240097
222000 240097
223000 240097
224000 240097
225000 240097
226000 240097
227000 240097
228000 240097
229000 240097
230000 240097
231000 240097
232000 240097
233000 240097
234000 240097
235000 240097
236000 240097
237000 240097
238000 240097
239000 240097
240000 240097
241000 360145
242000 360145
243000 360145
244000 360145
245000 360145
246000 360145
247000 360145
248000 360145
249000 360145
250000 360145
251000 360145
252000 360145
253000 360145
254000 360145
255000 360145
256000 360145
257000 360145
258000 360145
259000 360145
260000 360145
261000 360145
262000 360145
263000 360145
264000 360145
265000 360145
266000 360145
267000 360145
268000 360145
269000 360145
270000 360145
271000 360145
272000 360145
273000 360145
274000 360145
275000 360145
276000 360145
277000 360145
278000 360145
279000 360145
280000 360145
281000 360145
282000 360145
283000 360145
284000 360145
285000 360145
286000 360145
287000 360145
288000 360145
289000 360145
290000 360145
291000 360145
292000 360145
293000 360145
294000 360145
295000 360145
296000 360145
297000 360145
298000 360145
299000 360145
300000 360145
301000 360145
302000 360145
303000 360145
304000 360145
305000 360145
306000 360145
307000 360145
308000 360145
309000 360145
310000 360145
311000 360145
312000 360145
313000 360145
314000 360145
315000 360145
316000 360145
317000 360145
318000 360145
319000 360145
320000 360145
321000 360145
322000 360145
323000 360145
324000 360145
325000 360145
326000 360145
327000 360145
328000 360145
329000 360145
330000 360145
331000 360145
332000 360145
333000 360145
334000 360145
335000 360145
336000 360145
337000 360145
338000 360145
339000 360145
340000 360145
341000 360145
342000 360145
343000 360145
344000 360145
345000 360145
346000 360145
347000 360145
348000 360145
349000 360145
350000 360145
351000 360145
352000 360145
353000 360145
354000 360145
355000 360145
356000 360145
357000 360145
358000 360145
359000 360145
360000 360145
361000 540217
362000 540217
363000 540217
364000 540217
365000 540217
366000 540217
367000 540217
368000 540217
369000 540217
370000 540217
371000 540217
372000 540217
373000 540217
374000 540217
375000 540217
376000 540217
377000 540217
378000 540217
379000 540217
380000 540217
381000 540217
382000 540217
383000 540217
384000 540217
385000 540217
386000 540217
387000 540217
388000 540217
389000 540217
390000 540217
391000 540217
392000 540217
393000 540217
394000 540217
395000 540217
396000 540217
397000 540217
398000 540217
399000 540217
400000 540217
401000 540217
402000 540217
403000 540217
404000 540217
405000 540217
406000 540217
407000 540217
408000 540217
409000 540217
410000 540217
411000 540217
412000 540217
413000 540217
414000 540217
415000 540217
416000 540217
417000 540217
418000 540217
419000 540217
420000 540217
421000 540217
422000 540217
423000 540217
424000 540217
425000 540217
426000 540217
427000 540217
428000 540217
429000 540217
430000 540217
431000 540217
432000 540217
433000 540217
434000 540217
435000 540217
436000 540217
437000 540217
438000 540217
439000 540217
440000 540217
441000 540217
442000 540217
443000 540217
444000 540217
445000 540217
446000 540217
447000 540217
448000 540217
449000 540217
450000 540217
451000 540217
452000 540217
453000 540217
454000 540217
455000 540217
456000 540217
457000 540217
458000 540217
459000 540217
460000 540217
461000 540217
462000 540217
463000 540217
464000 540217
465000 540217
466000 540217
467000 540217
468000 540217
469000 540217
470000 540217
471000 540217
472000 540217
473000 540217
474000 540217
475000 540217
476000 540217
477000 540217
478000 540217
479000 540217
480000 540217
481000 540217
482000 540217
483000 540217
484000 540217
485000 540217
486000 540217
487000 540217
488000 540217
489000 540217
490000 540217
491000 540217
492000 540217
493000 540217
494000 540217
495000 540217
496000 540217
497000 540217
498000 540217
499000 540217
500000 540217
501000 540217
502000 540217
503000 540217
504000 540217
505000 540217
506000 540217
507000 540217
508000 540217
509000 540217
510000 540217
511000 540217
512000 540217
513000 540217
514000 540217
515000 540217
516000 540217
517000 540217
518000 540217
519000 540217
520000 540217
521000 540217
522000 540217
523000 540217
524000 540217
525000 540217
526000 540217
527000 540217
528000 540217
529000 540217
530000 540217
531000 540217
532000 540217
533000 540217
534000 540217
535000 540217
536000 540217
537000 540217
538000 540217
539000 540217
540000 540217
541000 810325
542000 810325
543000 810325
544000 810325
545000 810325
546000 810325
547000 810325
548000 810325
549000 810325
550000 810325
551000 810325
552000 810325
553000 810325
554000 810325
555000 810325
556000 810325
557000 810325
558000 810325
559000 810325
560000 810325
561000 810325
562000 810325
563000 810325
564000 810325
565000 810325
566000 810325
567000 810325
568000 810325
569000 810325
570000 810325
571000 810325
572000 810325
573000 810325
574000 810325
575000 810325
576000 810325
577000 810325
578000 810325
579000 810325
580000 810325
581000 810325
582000 810325
583000 810325
584000 810325
585000 810325
586000 810325
587000 810325
588000 810325
589000 810325
590000 810325
591000 810325
592000 810325
593000 810325
594000 810325
595000 810325
596000 810325
597000 810325
598000 810325
599000 810325
600000 810325
601000 810325
602000 810325
603000 810325
604000 810325
605000 810325
606000 810325
607000 810325
608000 810325
609000 810325
610000 810325
611000 810325
612000 810325
613000 810325
614000 810325
615000 810325
616000 810325
617000 810325
618000 810325
619000 810325
620000 810325
621000 810325
622000 810325
623000 810325
624000 810325
625000 810325
626000 810325
627000 810325
628000 810325
629000 810325
630000 810325
631000 810325
632000 810325
633000 810325
634000 810325
635000 810325
636000 810325
637000 810325
638000 810325
639000 810325
640000 810325
641000 810325
642000 810325
643000 810325
644000 810325
645000 810325
646000 810325
647000 810325
648000 810325
649000 810325
650000 810325
651000 810325
652000 810325
653000 810325
654000 810325
655000 810325
656000 810325
657000 810325
658000 810325
659000 810325
660000 810325
661000 810325
662000 810325
663000 810325
664000 810325
665000 810325
666000 810325
667000 810325
668000 810325
669000 810325
670000 810325
671000 810325
672000 810325
673000 810325
674000 810325
675000 810325
676000 810325
677000 810325
678000 810325
679000 810325
680000 810325
681000 810325
682000 810325
683000 810325
684000 810325
685000 810325
686000 810325
687000 810325
688000 810325
689000 810325
690000 810325
691000 810325
692000 810325
693000 810325
694000 810325
695000 810325
696000 810325
697000 810325
698000 810325
699000 810325
700000 810325
701000 810325
702000 810325
703000 810325
704000 810325
705000 810325
706000 810325
707000 810325
708000 810325
709000 810325
710000 810325
711000 810325
712000 810325
713000 810325
714000 810325
715000 810325
716000 810325
717000 810325
718000 810325
719000 810325
720000 810325
721000 810325
722000 810325
723000 810325
724000 810325
725000 810325
726000 810325
727000 810325
728000 810325
729000 810325
730000 810325
731000 810325
732000 810325
733000 810325
734000 810325
735000 810325
736000 810325
737000 810325
738000 810325
739000 810325
740000 810325
741000 810325
742000 810325
743000 810325
744000 810325
745000 810325
746000 810325
747000 810325
748000 810325
749000 810325
750000 810325
751000 810325
752000 810325
753000 810325
754000 810325
755000 810325
756000 810325
757000 810325
758000 810325
759000 810325
760000 810325
761000 810325
762000 810325
763000 810325
764000 810325
765000 810325
766000 810325
767000 810325
768000 810325
769000 810325
770000 810325
771000 810325
772000 810325
773000 810325
774000 810325
775000 810325
776000 810325
777000 810325
778000 810325
779000 810325
780000 810325
781000 810325
782000 810325
783000 810325
784000 810325
785000 810325
786000 810325
787000 810325
788000 810325
789000 810325
790000 810325
791000 810325
792000 810325
793000 810325
794000 810325
795000 810325
796000 810325
797000 810325
798000 810325
799000 810325
800000 810325
801000 810325
802000 810325
803000 810325
804000 810325
805000 810325
806000 810325
807000 810325
808000 810325
809000 810325
810000 810325
811000 1215487
812000 1215487
813000 1215487
814000 1215487
815000 1215487
816000 1215487
817000 1215487
818000 1215487
819000 1215487
820000 1215487
821000 1215487
822000 1215487
823000 1215487
824000 1215487
825000 1215487
826000 1215487
827000 1215487
828000 1215487
829000 1215487
830000 1215487
831000 1215487
832000 1215487
833000 1215487
834000 1215487
835000 1215487
836000 1215487
837000 1215487
838000 1215487
839000 1215487
840000 1215487
841000 1215487
842000 1215487
843000 1215487
844000 1215487
845000 1215487
846000 1215487
847000 1215487
848000 1215487
849000 1215487
850000 1215487
851000 1215487
852000 1215487
853000 1215487
854000 1215487
855000 1215487
856000 1215487
857000 1215487
858000 1215487
859000 1215487
860000 1215487
861000 1215487
862000 1215487
863000 1215487
864000 1215487
865000 1215487
866000 1215487
867000 1215487
868000 1215487
869000 1215487
870000 1215487
871000 1215487
872000 1215487
873000 1215487
874000 1215487
875000 1215487
876000 1215487
877000 1215487
878000 1215487
879000 1215487
880000 1215487
881000 1215487
882000 1215487
883000 1215487
884000 1215487
885000 1215487
886000 1215487
887000 1215487
888000 1215487
889000 1215487
890000 1215487
891000 1215487
892000 1215487
893000 1215487
894000 1215487
895000 1215487
896000 1215487
897000 1215487
898000 1215487
899000 1215487
900000 1215487
901000 1215487
902000 1215487
903000 1215487
904000 1215487
905000 1215487
906000 1215487
907000 1215487
908000 1215487
909000 1215487
910000 1215487
911000 1215487
912000 1215487
913000 1215487
914000 1215487
915000 1215487
916000 1215487
917000 1215487
918000 1215487
919000 1215487
920000 1215487
921000 1215487
922000 1215487
923000 1215487
924000 1215487
925000 1215487
926000 1215487
927000 1215487
928000 1215487
929000 1215487
930000 1215487
931000 1215487
932000 1215487
933000 1215487
934000 1215487
935000 1215487
936000 1215487
937000 1215487
938000 1215487
939000 1215487
940000 1215487
941000 1215487
942000 1215487
943000 1215487
944000 1215487
945000 1215487
946000 1215487
947000 1215487
948000 1215487
949000 1215487
950000 1215487
951000 1215487
952000 1215487
953000 1215487
954000 1215487
955000 1215487
956000 1215487
957000 1215487
958000 1215487
959000 1215487
960000 1215487
961000 1215487
962000 1215487
963000 1215487
964000 1215487
965000 1215487
966000 1215487
967000 1215487
968000 1215487
969000 1215487
970000 1215487
971000 1215487
972000 1215487
973000 1215487
974000 1215487
975000 1215487
976000 1215487
977000 1215487
978000 1215487
979000 1215487
980000 1215487
981000 1215487
982000 1215487
983000 1215487
984000 1215487
985000 1215487
986000 1215487
987000 1215487
988000 1215487
989000 1215487
990000 1215487
991000 1215487
992000 1215487
993000 1215487
994000 1215487
995000 1215487
996000 1215487
997000 1215487
998000 1215487
999000 1215487
1000000 1215487
policy*2
size, capacity
1000 1280
2000 2560
3000 5120
4000 5120
5000 5120
6000 10240
7000 10240
8000 10240
9000 10240
10000 10240
11000 20480
12000 20480
13000 20480
14000 20480
15000 20480
16000 20480
17000 20480
18000 20480
19000 20480
20000 20480
21000 40960
22000 40960
23000 40960
24000 40960
25000 40960
26000 40960
27000 40960
28000 40960
29000 40960
30000 40960
31000 40960
32000 40960
33000 40960
34000 40960
35000 40960
36000 40960
37000 40960
38000 40960
39000 40960
40000 40960
41000 81920
42000 81920
43000 81920
44000 81920
45000 81920
46000 81920
47000 81920
48000 81920
49000 81920
50000 81920
51000 81920
52000 81920
53000 81920
54000 81920
55000 81920
56000 81920
57000 81920
58000 81920
59000 81920
60000 81920
61000 81920
62000 81920
63000 81920
64000 81920
65000 81920
66000 81920
67000 81920
68000 81920
69000 81920
70000 81920
71000 81920
72000 81920
73000 81920
74000 81920
75000 81920
76000 81920
77000 81920
78000 81920
79000 81920
80000 81920
81000 81920
82000 163840
83000 163840
84000 163840
85000 163840
86000 163840
87000 163840
88000 163840
89000 163840
90000 163840
91000 163840
92000 163840
93000 163840
94000 163840
95000 163840
96000 163840
97000 163840
98000 163840
99000 163840
100000 163840
101000 163840
102000 163840
103000 163840
104000 163840
105000 163840
106000 163840
107000 163840
108000 163840
109000 163840
110000 163840
111000 163840
112000 163840
113000 163840
114000 163840
115000 163840
116000 163840
117000 163840
118000 163840
119000 163840
120000 163840
121000 163840
122000 163840
123000 163840
124000 163840
125000 163840
126000 163840
127000 163840
128000 163840
129000 163840
130000 163840
131000 163840
132000 163840
133000 163840
134000 163840
135000 163840
136000 163840
137000 163840
138000 163840
139000 163840
140000 163840
141000 163840
142000 163840
143000 163840
144000 163840
145000 163840
146000 163840
147000 163840
148000 163840
149000 163840
150000 163840
151000 163840
152000 163840
153000 163840
154000 163840
155000 163840
156000 163840
157000 163840
158000 163840
159000 163840
160000 163840
161000 163840
162000 163840
163000 163840
164000 327680
165000 327680
166000 327680
167000 327680
168000 327680
169000 327680
170000 327680
171000 327680
172000 327680
173000 327680
174000 327680
175000 327680
176000 327680
177000 327680
178000 327680
179000 327680
180000 327680
181000 327680
182000 327680
183000 327680
184000 327680
185000 327680
186000 327680
187000 327680
188000 327680
189000 327680
190000 327680
191000 327680
192000 327680
193000 327680
194000 327680
195000 327680
196000 327680
197000 327680
198000 327680
199000 327680
200000 327680
201000 327680
202000 327680
203000 327680
204000 327680
205000 327680
206000 327680
207000 327680
208000 327680
209000 327680
210000 327680
211000 327680
212000 327680
213000 327680
214000 327680
215000 327680
216000 327680
217000 327680
218000 327680
219000 327680
220000 327680
221000 327680
222000 327680
223000 327680
224000 327680
225000 327680
226000 327680
227000 327680
228000 327680
229000 327680
230000 327680
231000 327680
232000 327680
233000 327680
234000 327680
235000 327680
236000 327680
237000 327680
238000 327680
239000 327680
240000 327680
241000 327680
242000 327680
243000 327680
244000 327680
245000 327680
246000 327680
247000 327680
248000 327680
249000 327680
250000 327680
251000 327680
252000 327680
253000 327680
254000 327680
255000 327680
256000 327680
257000 327680
258000 327680
259000 327680
260000 327680
261000 327680
262000 327680
263000 327680
264000 327680
265000 327680
266000 327680
267000 327680
268000 327680
269000 327680
270000 327680
271000 327680
272000 327680
273000 327680
274000 327680
275000 327680
276000 327680
277000 327680
278000 327680
279000 327680
280000 327680
281000 327680
282000 327680
283000 327680
284000 327680
285000 327680
286000 327680
287000 327680
288000 327680
289000 327680
290000 327680
291000 327680
292000 327680
293000 327680
294000 327680
295000 327680
296000 327680
297000 327680
298000 327680
299000 327680
300000 327680
301000 327680
302000 327680
303000 327680
304000 327680
305000 327680
306000 327680
307000 327680
308000 327680
309000 327680
310000 327680
311000 327680
312000 327680
313000 327680
314000 327680
315000 327680
316000 327680
317000 327680
318000 327680
319000 327680
320000 327680
321000 327680
322000 327680
323000 327680
324000 327680
325000 327680
326000 327680
327000 327680
328000 655360
329000 655360
330000 655360
331000 655360
332000 655360
333000 655360
334000 655360
335000 655360
336000 655360
337000 655360
338000 655360
339000 655360
340000 655360
341000 655360
342000 655360
343000 655360
344000 655360
345000 655360
346000 655360
347000 655360
348000 655360
349000 655360
350000 655360
351000 655360
352000 655360
353000 655360
354000 655360
355000 655360
356000 655360
357000 655360
358000 655360
359000 655360
360000 655360
361000 655360
362000 655360
363000 655360
364000 655360
365000 655360
366000 655360
367000 655360
368000 655360
369000 655360
370000 655360
371000 655360
372000 655360
373000 655360
374000 655360
375000 655360
376000 655360
377000 655360
378000 655360
379000 655360
380000 655360
381000 655360
382000 655360
383000 655360
384000 655360
385000 655360
386000 655360
387000 655360
388000 655360
389000 655360
390000 655360
391000 655360
392000 655360
393000 655360
394000 655360
395000 655360
396000 655360
397000 655360
398000 655360
399000 655360
400000 655360
401000 655360
402000 655360
403000 655360
404000 655360
405000 655360
406000 655360
407000 655360
408000 655360
409000 655360
410000 655360
411000 655360
412000 655360
413000 655360
414000 655360
415000 655360
416000 655360
417000 655360
418000 655360
419000 655360
420000 655360
421000 655360
422000 655360
423000 655360
424000 655360
425000 655360
426000 655360
427000 655360
428000 655360
429000 655360
430000 655360
431000 655360
432000 655360
433000 655360
434000 655360
435000 655360
436000 655360
437000 655360
438000 655360
439000 655360
440000 655360
441000 655360
442000 655360
443000 655360
444000 655360
445000 655360
446000 655360
447000 655360
448000 655360
449000 655360
450000 655360
451000 655360
452000 655360
453000 655360
454000 655360
455000 655360
456000 655360
457000 655360
458000 655360
459000 655360
460000 655360
461000 655360
462000 655360
463000 655360
464000 655360
465000 655360
466000 655360
467000 655360
468000 655360
469000 655360
470000 655360
471000 655360
472000 655360
473000 655360
474000 655360
475000 655360
476000 655360
477000 655360
478000 655360
479000 655360
480000 655360
481000 655360
482000 655360
483000 655360
484000 655360
485000 655360
486000 655360
487000 655360
488000 655360
489000 655360
490000 655360
491000 655360
492000 655360
493000 655360
494000 655360
495000 655360
496000 655360
497000 655360
498000 655360
499000 655360
500000 655360
501000 655360
502000 655360
503000 655360
504000 655360
505000 655360
506000 655360
507000 655360
508000 655360
509000 655360
510000 655360
511000 655360
512000 655360
513000 655360
514000 655360
515000 655360
516000 655360
517000 655360
518000 655360
519000 655360
520000 655360
521000 655360
522000 655360
523000 655360
524000 655360
525000 655360
526000 655360
527000 655360
528000 655360
529000 655360
530000 655360
531000 655360
532000 655360
533000 655360
534000 655360
535000 655360
536000 655360
537000 655360
538000 655360
539000 655360
540000 655360
541000 655360
542000 655360
543000 655360
544000 655360
545000 655360
546000 655360
547000 655360
548000 655360
549000 655360
550000 655360
551000 655360
552000 655360
553000 655360
554000 655360
555000 655360
556000 655360
557000 655360
558000 655360
559000 655360
560000 655360
561000 655360
562000 655360
563000 655360
564000 655360
565000 655360
566000 655360
567000 655360
568000 655360
569000 655360
570000 655360
571000 655360
572000 655360
573000 655360
574000 655360
575000 655360
576000 655360
577000 655360
578000 655360
579000 655360
580000 655360
581000 655360
582000 655360
583000 655360
584000 655360
585000 655360
586000 655360
587000 655360
588000 655360
589000 655360
590000 655360
591000 655360
592000 655360
593000 655360
594000 655360
595000 655360
596000 655360
597000 655360
598000 655360
599000 655360
600000 655360
601000 655360
602000 655360
603000 655360
604000 655360
605000 655360
606000 655360
607000 655360
608000 655360
609000 655360
610000 655360
611000 655360
612000 655360
613000 655360
614000 655360
615000 655360
616000 655360
617000 655360
618000 655360
619000 655360
620000 655360
621000 655360
622000 655360
623000 655360
624000 655360
625000 655360
626000 655360
627000 655360
628000 655360
629000 655360
630000 655360
631000 655360
632000 655360
633000 655360
634000 655360
635000 655360
636000 655360
637000 655360
638000 655360
639000 655360
640000 655360
641000 655360
642000 655360
643000 655360
644000 655360
645000 655360
646000 655360
647000 655360
648000 655360
649000 655360
650000 655360
651000 655360
652000 655360
653000 655360
654000 655360
655000 655360
656000 1310720
657000 1310720
658000 1310720
659000 1310720
660000 1310720
661000 1310720
662000 1310720
663000 1310720
664000 1310720
665000 1310720
666000 1310720
667000 1310720
668000 1310720
669000 1310720
670000 1310720
671000 1310720
672000 1310720
673000 1310720
674000 1310720
675000 1310720
676000 1310720
677000 1310720
678000 1310720
679000 1310720
680000 1310720
681000 1310720
682000 1310720
683000 1310720
684000 1310720
685000 1310720
686000 1310720
687000 1310720
688000 1310720
689000 1310720
690000 1310720
691000 1310720
692000 1310720
693000 1310720
694000 1310720
695000 1310720
696000 1310720
697000 1310720
698000 1310720
699000 1310720
700000 1310720
701000 1310720
702000 1310720
703000 1310720
704000 1310720
705000 1310720
706000 1310720
707000 1310720
708000 1310720
709000 1310720
710000 1310720
711000 1310720
712000 1310720
713000 1310720
714000 1310720
715000 1310720
716000 1310720
717000 1310720
718000 1310720
719000 1310720
720000 1310720
721000 1310720
722000 1310720
723000 1310720
724000 1310720
725000 1310720
726000 1310720
727000 1310720
728000 1310720
729000 1310720
730000 1310720
731000 1310720
732000 1310720
733000 1310720
734000 1310720
735000 1310720
736000 1310720
737000 1310720
738000 1310720
739000 1310720
740000 1310720
741000 1310720
742000 1310720
743000 1310720
744000 1310720
745000 1310720
746000 1310720
747000 1310720
748000 1310720
749000 1310720
750000 1310720
751000 1310720
752000 1310720
753000 1310720
754000 1310720
755000 1310720
756000 1310720
757000 1310720
758000 1310720
759000 1310720
760000 1310720
761000 1310720
762000 1310720
763000 1310720
764000 1310720
765000 1310720
766000 1310720
767000 1310720
768000 1310720
769000 1310720
770000 1310720
771000 1310720
772000 1310720
773000 1310720
774000 1310720
775000 1310720
776000 1310720
777000 1310720
778000 1310720
779000 1310720
780000 1310720
781000 1310720
782000 1310720
783000 1310720
784000 1310720
785000 1310720
786000 1310720
787000 1310720
788000 1310720
789000 1310720
790000 1310720
791000 1310720
792000 1310720
793000 1310720
794000 1310720
795000 1310720
796000 1310720
797000 1310720
798000 1310720
799000 1310720
800000 1310720
801000 1310720
802000 1310720
803000 1310720
804000 1310720
805000 1310720
806000 1310720
807000 1310720
808000 1310720
809000 1310720
810000 1310720
811000 1310720
812000 1310720
813000 1310720
814000 1310720
815000 1310720
816000 1310720
817000 1310720
818000 1310720
819000 1310720
820000 1310720
821000 1310720
822000 1310720
823000 1310720
824000 1310720
825000 1310720
826000 1310720
827000 1310720
828000 1310720
829000 1310720
830000 1310720
831000 1310720
832000 1310720
833000 1310720
834000 1310720
835000 1310720
836000 1310720
837000 1310720
838000 1310720
839000 1310720
840000 1310720
841000 1310720
842000 1310720
843000 1310720
844000 1310720
845000 1310720
846000 1310720
847000 1310720
848000 1310720
849000 1310720
850000 1310720
851000 1310720
852000 1310720
853000 1310720
854000 1310720
855000 1310720
856000 1310720
857000 1310720
858000 1310720
859000 1310720
860000 1310720
861000 1310720
862000 1310720
863000 1310720
864000 1310720
865000 1310720
866000 1310720
867000 1310720
868000 1310720
869000 1310720
870000 1310720
871000 1310720
872000 1310720
873000 1310720
874000 1310720
875000 1310720
876000 1310720
877000 1310720
878000 1310720
879000 1310720
880000 1310720
881000 1310720
882000 1310720
883000 1310720
884000 1310720
885000 1310720
886000 1310720
887000 1310720
888000 1310720
889000 1310720
890000 1310720
891000 1310720
892000 1310720
893000 1310720
894000 1310720
895000 1310720
896000 1310720
897000 1310720
898000 1310720
899000 1310720
900000 1310720
901000 1310720
902000 1310720
903000 1310720
904000 1310720
905000 1310720
906000 1310720
907000 1310720
908000 1310720
909000 1310720
910000 1310720
911000 1310720
912000 1310720
913000 1310720
914000 1310720
915000 1310720
916000 1310720
917000 1310720
918000 1310720
919000 1310720
920000 1310720
921000 1310720
922000 1310720
923000 1310720
924000 1310720
925000 1310720
926000 1310720
927000 1310720
928000 1310720
929000 1310720
930000 1310720
931000 1310720
932000 1310720
933000 1310720
934000 1310720
935000 1310720
936000 1310720
937000 1310720
938000 1310720
939000 1310720
940000 1310720
941000 1310720
942000 1310720
943000 1310720
944000 1310720
945000 1310720
946000 1310720
947000 1310720
948000 1310720
949000 1310720
950000 1310720
951000 1310720
952000 1310720
953000 1310720
954000 1310720
955000 1310720
956000 1310720
957000 1310720
958000 1310720
959000 1310720
960000 1310720
961000 1310720
962000 1310720
963000 1310720
964000 1310720
965000 1310720
966000 1310720
967000 1310720
968000 1310720
969000 1310720
970000 1310720
971000 1310720
972000 1310720
973000 1310720
974000 1310720
975000 1310720
976000 1310720
977000 1310720
978000 1310720
979000 1310720
980000 1310720
981000 1310720
982000 1310720
983000 1310720
984000 1310720
985000 1310720
986000 1310720
987000 1310720
988000 1310720
989000 1310720
990000 1310720
991000 1310720
992000 1310720
993000 1310720
994000 1310720
995000 1310720
996000 1310720
997000 1310720
998000 1310720
999000 1310720
1000000 1310720
